35,99
35,98
35,97
35,96
35,95
35,94
35,93
35,92
35,91
35,90
35,89
35,88
35,87
35,86
35,85
35,84
35,83
35,82
35,81
35,80
35,79
35,78
35,77
35,76
35,75
35,74
35,73
35,72
35,71
35,70
35,69
35,68
35,67
35,66
35,65
35,64
35,35
35,34
35,33
35,32
35,31
35,30
35,29
35,28
35,27
35,26
35,25
35,24
35,23
35,22
35,21
35,20
35,19
35,18
35,17
35,16
35,15
35,14
35,13
35,12
35,11
35,10
35,9
35,8
35,7
35,6
35,5
35,4
35,3
35,2
35,1
34,3
34,1
15,3
15,1
2,3
2,1
1,3
1,1
4,1
0,445
4,3
0,408
0,400
0,376
0,373
0,370
0,368
0,322
0,243
0,9
0,310
0,305
47,0
46,0
45,0
44,0
15,0
43,0
42,0
41,0
48,0
40,0
39,0
38,0
36,0
35,0
34,0
3,0
1,0
2,0
4,0
0,308
0,304
0,303
0,302
0,307
0,12
0,10
0,8
0,0
0,374
0,300
0,325
0,299
0,347
0,298
0,432
0,297
0,404
0,296
0,401
0,295
0,311
0,294
0,336
0,293
0,331
0,292
0,324
0,291
0,358
0,290
0,332
0,289
0,419
0,288
0,287
0,286
0,393
0,285
0,357
0,284
0,383
0,283
0,425
0,282
0,348
0,281
0,335
0,280
0,385
0,279
0,437
0,278
0,424
0,277
0,417
0,276
0,275
0,346
0,274
0,365
35,100
35,101
35,103
35,104
35,106
35,107
35,109
35,112
35,114
38,1
38,2
38,5
38,7
38,9
38,11
38,13
38,15
38,16
38,19
38,22
38,23
38,26
38,27
38,29
38,32
38,33
38,64
38,65
38,68
38,69
38,72
38,74
38,76
38,79
38,80
38,82
38,85
38,86
38,89
38,90
38,92
38,94
38,97
38,99
38,100
38,103
38,104
38,107
38,109
38,110
38,112
38,113
38,115
38,117
38,118
38,120
38,121
38,123
39,1
39,4
39,6
39,8
39,10
39,11
39,14
39,16
39,18
39,21
39,22
39,24
39,26
39,28
39,31
39,32
39,35
39,36
39,39
39,41
39,43
39,45
39,47
39,50
39,51
39,54
39,56
39,57
39,61
39,62
39,64
39,67
39,68
39,70
39,72
39,74
39,77
39,79
39,81
39,82
39,86
39,87
39,89
39,91
39,92
39,95
39,97
39,99
39,102
39,104
39,107
39,108
39,110
39,112
39,114
39,116
39,117
39,119
39,120
39,122
39,124
39,125
39,127
39,128
39,130
39,132
39,135
39,137
39,138
39,140
39,141
39,143
39,145
39,146
39,148
39,149
40,1
40,2
40,4
40,6
40,8
40,12
40,16
40,20
40,25
40,27
40,29
40,31
40,37
40,40
40,41
40,44
40,48
40,51
40,53
40,56
40,58
40,59
41,3
41,4
42,3
43,3
44,1
44,5
44,6
44,8
44,10
45,3
46,2
46,4
46,7
46,8
47,1
47,3
47,2
46,9
46,5
46,1
45,1
44,7
44,4
43,1
42,1
41,1
40,57
40,54
40,49
40,42
40,38
40,34
40,28
40,21
40,17
40,9
40,5
40,3
39,150
39,147
39,144
39,142
39,139
39,136
39,133
39,129
39,126
39,123
39,121
39,118
39,115
39,113
39,109
39,105
39,101
39,98
39,94
39,90
39,88
39,84
39,80
39,76
39,73
39,69
39,66
39,63
39,59
39,55
39,52
39,49
39,44
39,40
39,37
39,34
39,30
39,27
39,23
39,19
39,15
39,12
39,9
39,5
39,3
38,122
38,119
38,116
38,114
38,111
38,108
38,106
38,102
38,98
38,95
38,91
38,87
38,84
38,81
38,77
38,73
38,71
38,67
38,34
38,31
38,28
38,24
38,21
38,18
38,14
38,10
38,6
38,3
36,1
35,111
35,108
35,105
35,102
0,273
0,397
0,272
0,390
0,271
0,354
0,270
0,375
0,269
0,386
0,268
0,379
0,267
0,409
0,266
0,420
0,265
0,406
0,264
0,377
0,263
0,422
0,262
0,342
0,261
0,321
0,260
0,318
0,259
0,356
0,258
0,309
0,257
0,389
0,256
0,407
0,255
0,403
0,254
0,361
0,253
0,319
0,252
0,306
0,251
0,439
0,250
0,418
0,249
0,350
0,248
0,317
0,247
0,341
0,246
0,330
0,245
0,447
0,244
0,313
0,242
0,378
0,241
0,414
0,240
0,327
0,239
0,411
0,238
0,329
0,237
0,334
0,236
0,435
0,235
0,441
0,234
0,416
0,233
0,333
0,232
0,433
0,231
0,391
0,230
0,328
0,229
0,446
0,228
0,344
0,227
0,362
0,226
0,434
0,225
0,351
0,224
0,353
0,223
0,364
0,222
0,323
0,221
0,399
0,220
0,359
0,219
0,421
0,218
0,412
0,217
0,337
0,216
0,367
0,215
0,315
0,214
0,423
0,213
0,355
0,212
0,340
0,211
0,381
0,210
0,338
0,209
0,398
0,208
0,443
0,207
0,430
0,206
0,415
0,205
0,326
0,204
0,410
0,203
0,320
0,202
0,363
0,201
0,380
0,200
0,314
0,199
0,366
0,198
0,440
0,197
0,413
0,196
0,431
0,195
0,444
0,194
0,429
0,193
0,394
0,192
0,392
0,63
0,436
0,62
0,405
0,61
0,387
0,60
0,352
0,59
0,384
0,58
0,349
0,57
0,428
0,56
0,402
0,55
0,426
0,54
0,382
0,53
0,372
0,52
0,442
0,51
0,360
0,50
0,345
0,49
0,427
0,48
0,339
0,47
0,343
0,46
0,371
0,45
0,312
0,6
0,5
0,1
0,11
0,4
0,2
0,3
0,7
